{"2022-11-28T20:41:16.655": {
"bpm": 161.0612563402263,
 "ibi": 372.52906976744185,
  "sdnn": 162.13420106488522,
  "sdsd": 134.55379986211622,
  "rmssd": 216.37948997538646,
  "pnn20": 0.899581589958159,
  "pnn50": 0.6652719665271967,
  "hr_mad": 150.0,
  "sd1": 151.67493867572855,
  "sd2": 160.69342568762778,
  "s": 76570.5576379451,
   "sd1/sd2": 0.9438776852674092,
   "breathingrate": 0.0,
   "vlf": 454.4836037382261,
   "lf": 1515.0407165645338,
   "hf": 4902.987730413955,
   "lf/hf": 0.30900357085670704,
   "p_total": 6872.512050716716,
   "vlf_perc": 6.6130637586998375,
   "lf_perc": 22.044933575729914,
   "hf_perc": 71.34200266557025,
   "lf_nu": 23.60601435597862,
   "hf_nu": 76.39398564402137},
